,shot_distance,player_distance,initial_angle,initial_speed
0,15.993486973947897,2.3296593186372743,0.802585889376654,12.743011917244086
1,11.619739478957916,2.9579158316633265,0.8090471361481998,10.932189447397691
2,7.1783567134268536,2.9458917835671343,0.8236330643736122,8.719035288064878
3,16.782565130260522,1.8486973947895793,0.8017783538069178,13.04303841711849
4,17.72945891783567,2.8406813627254506,0.8009040982644903,13.394221177854027
5,17.32364729458918,1.6022044088176353,0.8012670883475498,13.244852129499224
6,15.136773547094188,2.8076152304609217,0.8035578505520177,12.409078928790366
7,14.437875751503007,2.3326653306613228,0.804436081188784,12.129871912736812
8,17.68436873747495,2.8346693386773545,0.8009436086087434,13.377706811011793
9,9.56813627254509,1.9599198396793587,0.8141077995498716,9.970650041435071
10,13.107715430861724,2.2545090180360723,0.8063658735547637,11.579954068951183
11,15.317134268537075,2.215430861723447,0.8033442031882424,12.480121210476428
12,9.162324649298597,1.5871743486973948,0.8153764069093344,9.769324485031719
13,16.241482965931866,2.7835671342685373,0.8023236469152392,12.838059746840907
14,16.354208416833668,2.6723446893787575,0.8022070719917505,12.881032007483828
15,8.350701402805612,2.9849699398797593,0.8182820347923667,9.353789054178238
16,17.368737474949903,2.0230460921843685,0.8012259193130272,13.261531601527478
17,15.632765531062125,2.2605210420841684,0.8029821678267274,12.60348420616843
18,15.249498997995993,1.6082164328657313,0.8034237294832648,12.453527718969216
19,11.574649298597194,2.0080160320641283,0.8091391249001199,10.911962612130461
20,14.798597194388778,2.525050100200401,0.8039724568351807,12.274769554006223
21,16.602204408817634,2.3717434869739478,0.8019561732693266,12.975071181240553
22,12.949899799599198,1.629258517034068,0.8066210943123269,11.512972793893075
23,10.763026052104209,2.1342685370741483,0.8109263934638655,10.541278530853027
24,7.629258517034068,2.8166332665330662,0.8213813561273675,8.968431145147074
25,10.19939879759519,1.5420841683366733,0.8123344479805067,10.27603873522937
26,12.837174348697395,2.8947895791583167,0.806807229832964,11.464890345321283
27,8.598697394789578,2.032064128256513,0.817336243155884,9.482673777365717
28,12.724448897795591,2.88877755511022,0.8069966571933652,11.416606171931198
29,16.827655310621243,2.308617234468938,0.80173449389268,13.059975080767346
30,7.291082164328658,2.564128256513026,0.8230441738544101,8.782040257869873
31,16.196392785571142,2.9398797595190382,0.8023707307200644,12.820830609121202
32,8.508517034068136,2.464929859719439,0.817673814912587,9.4360084716231
33,13.378256513026052,2.6783567134268536,0.8059423371357112,11.693889775412801
34,6.795090180360721,1.5511022044088176,0.8257805271713842,8.50137260840338
35,15.565130260521043,2.0501002004008013,0.8030585123300376,12.577150876722454
36,15.272044088176353,2.3897795591182365,0.8033971425533765,12.462398504520408
37,11.800100200400802,2.182364729458918,0.8086861958154091,11.012727013077516
38,14.86623246492986,2.122244488977956,0.8038880286010163,12.301748409024853
39,9.771042084168336,2.8587174348697397,0.8135128833474083,10.069814089533079
40,8.418336673346694,2.62124248496994,0.8180185886404097,9.389113308747245
41,9.004509018036073,2.2064128256513027,0.8159005228640308,9.689910216635004
42,9.748496993987976,2.3837675350701404,0.8135777660744803,10.05884381106205
43,16.669839679358716,1.998997995991984,0.8018890405391422,13.000600441852598
44,15.114228456913828,2.933867735470942,0.8035849145228905,12.400170103598251
45,15.813126252505011,1.8126252505010019,0.8027817714041067,12.673439597954678
46,8.846693386773547,2.4769539078156315,0.8164432674103871,9.609844942402875
47,9.410320641282565,2.323647294589178,0.8145881897872109,9.892840088931205
48,10.898296593186373,2.8917835671342687,0.8106100751813873,10.603954417044706
49,17.008016032064127,2.7114228456913825,0.8015613773390282,13.127503703696565
50,9.22995991983968,2.314629258517034,0.8151572527571705,9.803163744224793
51,8.531062124248496,1.8246492985971945,0.8175887556608555,9.447696216372798
52,17.098196392785574,1.7284569138276553,0.8014761872294248,13.161138365146746
53,15.700400801603207,2.753507014028056,0.8029064802779701,12.62976277058382
54,16.03857715430862,2.750501002004008,0.8025376064247524,12.760345873248808
55,10.402304609218437,1.7585170340681362,0.8118100193413716,10.37230189162321
56,7.674348697394789,2.915831663326653,0.821170661845634,8.992994696374062
57,10.334669338677354,2.9789579158316633,0.8119825472813328,10.340313150740878
58,11.529559118236474,1.9148296593186371,0.8092318315300634,10.89169839193842
59,11.709919839679358,1.7615230460921842,0.8088652792055328,10.97253178161629
60,17.774549098196395,2.161322645290581,0.8008647881863663,13.410715248718505
61,7.606713426853707,2.7895791583166334,0.8214876351122822,8.956124387487444
62,17.66182364729459,1.8667334669338678,0.8009634393593704,13.369441993195942
63,14.077154308617235,2.657314629258517,0.804923430593218,11.983227684405014
64,6.817635270541082,1.9298597194388778,0.8256475647066179,8.514328217498853
65,16.15130260521042,2.8256513026052104,0.8024180771123871,12.803578342389642
66,9.951402805611222,2.1973947895791586,0.8130043723788883,10.157152586890124
67,17.436372745490985,1.5480961923847696,0.8011645645972718,13.28651163023339
68,6.975450901803607,1.659318637274549,0.8247407419190323,8.604478823167417
69,11.349198396793588,2.467935871743487,0.8096100074303243,10.810263493998402
70,16.76002004008016,1.7104208416833666,0.8018003721676209,13.034561851007826
71,14.122244488977955,2.6513026052104207,0.8048611524383391,12.001655896421832
72,11.371743486973948,2.7384769539078153,0.8095620809331426,10.8204762097415
73,17.90981963927856,1.5841683366733468,0.800748044442074,13.460076428081132
74,10.289579158316634,2.3026052104208414,0.8120988224000324,10.318932560782505
75,9.928857715430862,2.744488977955912,0.8130669290299912,10.146276120875745
76,17.165831663326657,2.278557114228457,0.8014128814444198,13.18630817993493
77,11.033567134268537,1.6773547094188377,0.8103014935017118,10.666263979879583
78,12.701903807615231,2.029058116232465,0.8070349453796344,11.406924906861995
79,7.426352705410822,1.5991983967935872,0.8223609727616503,8.857061801334467
80,8.95941883767535,2.2394789579158316,0.816053649022892,9.667101546085584
81,13.671342685370742,1.566132264529058,0.8055023909798212,11.816084745798374
82,7.877254509018036,2.7715430861723447,0.8202522392983377,9.102719268835608
83,8.66633266533066,1.842685370741483,0.8170876561176459,9.517523909198015
84,13.175350701402806,2.903807615230461,0.8062583616185212,11.608542454097197
85,11.484468937875752,2.831663326653307,0.8093252644679544,10.871396579861567
86,13.220440881763528,1.6472945891783568,0.8061872970752981,11.627562469530927
87,17.278557114228455,2.507014028056112,0.8013084720348436,13.228151670019168
88,9.072144288577155,2.591182364729459,0.8156736770963596,9.724023700768903
89,9.297595190380761,1.5150300601202404,0.8149412758745611,9.836887468691284
90,15.925851703406813,2.6272545090180364,0.8026588258265598,12.716966791039628
91,7.35871743486974,2.2725450901803605,0.8226994510399036,8.819629840790427
92,10.267034068136272,3.0,0.8121573418545263,10.308225736116094
93,13.040080160320642,2.9128256513026054,0.806474498789731,11.551295190650707
94,12.769539078156313,1.965931863727455,0.8069204856627651,11.435944210239803
95,7.155811623246493,2.609218436873747,0.8237530559251391,8.706380268781624
96,8.801603206412826,2.05310621242485,0.8166018983723431,9.586847337405002
97,8.891783567134269,2.020040080160321,0.8162862391185042,9.632788092096963
98,16.850200400801604,2.341683366733467,0.8017126518666929,13.068435199551159
99,8.485971943887776,1.7645290581162325,0.8177593242406986,9.424306361195834
100,7.245991983967936,2.663326653306613,0.8232775439507445,8.756891992433708
101,13.716432865731463,2.864729458917836,0.8054363729898695,11.834772369827299
102,17.05310621242485,2.9248496993987976,0.8015186697755192,13.144331769671515
103,14.392785571142285,2.458917835671343,0.8044956658889769,12.111638186315975
104,9.635771543086172,2.4498997995991982,0.8139067192842709,10.003813194763433
105,12.003006012024048,2.4889779559118237,0.8082930761059977,11.102636626845761
106,7.381262525050101,2.585170340681363,0.8225859395241758,8.832124578010388
107,12.65681362725451,1.6172344689378757,0.8071119301907356,11.387537781636922
108,7.403807615230461,2.852705410821643,0.8224731155032874,8.844601874255916
109,16.557114228456914,2.2665330661322645,0.8020012327935488,12.95802379510211
110,17.594188376753507,1.7224448897795592,0.8010232362465416,13.344616889143287
111,9.996492985971944,2.9519038076152304,0.8128801030163882,10.17887087738198
112,15.903306613226453,1.7314629258517034,0.8026832756752769,12.708273249669304
113,16.173847695390783,2.6062124248496996,0.8023943709557397,12.812207372689652
114,13.851703406813627,1.5120240480961924,0.8052408937572444,11.890659608531143
115,15.880761523046093,2.3627254509018036,0.8027077948612991,12.699573771841683
116,9.094689378757515,2.5761523046092183,0.8155988088764538,9.735368505954419
117,14.708416833667336,1.8637274549098195,0.8040862339800264,12.238705501931484
118,17.57164328657315,1.5390781563126252,0.8010432707379457,13.336331606025189
119,17.932364729458918,2.158316633266533,0.8007287582257856,13.46828573728607
120,12.205911823647295,1.62625250501002,0.807912999565584,11.191827121577534
121,14.054609218436873,1.8547094188376754,0.8049547192932047,11.97400297662738
122,7.268537074148297,2.7745490981963927,0.8231604990367593,8.769475028859567
123,10.80811623246493,1.5450901803607215,0.8108200765439966,10.56221159270079
124,11.845190380761522,1.56312625250501,0.808597674463821,11.032769963106121
125,17.887274549098198,2.687374749498998,0.800767379229127,13.451862118702165
126,11.41683366733467,1.902805611222445,0.8094667944691296,10.840872919542925
127,6.75,1.899799599198397,0.8260490992016465,8.475402823428821
128,15.407314629258519,2.975951903807615,0.8032392528453256,12.51549153353322
129,6.862725450901803,2.843687374749499,0.8253842437702361,8.540181299449129
130,7.06563126252505,2.401803607214429,0.8242406338506055,8.655577548379304
131,8.6437875751503,1.8366733466933867,0.8171700879581449,9.505921272374666
132,8.012525050100201,1.7915831663326653,0.819665675887374,9.175147601486628
133,14.302605210420843,2.7324649298597192,0.8046159607088559,12.07508838503973
134,8.711422845691382,2.149298597194389,0.8169240673302613,9.54068721349782
135,17.256012024048097,2.4829659318637276,0.8013292448984051,13.219793545239673
136,9.117234468937877,2.9368737474949898,0.8155243095788031,9.746700208506445
137,11.304108216432866,1.5270541082164328,0.8097064325868212,10.789809206310771
138,14.618236472945892,2.9639278557114226,0.8042014129421727,12.20253517474338
139,13.738977955911825,1.5180360721442885,0.8054035262334789,11.844105161833017
140,17.39128256513026,2.786573146292585,0.8012054147695076,13.269863491876343
141,13.986973947895791,1.6442885771543085,0.8050491896596077,11.94628625101013
142,14.370240480961925,2.534068136272545,0.8045255982556854,12.102511052696904
143,12.408817635270541,2.5190380761523046,0.8075453280737886,11.280315402069338
144,15.49749498997996,1.779559118236473,0.8031355223749511,12.55076243937852
145,11.664829659318638,1.5541082164328657,0.8089558569742369,10.952379102819087
146,7.832164328657315,1.5571142284569137,0.8204522410497235,9.07844941864318
147,8.62124248496994,2.218436873747495,0.8172529491845018,9.494304578664574
148,14.257515030060121,2.6753507014028055,0.8046766779329297,12.056772062138698
149,8.215430861723448,1.7675350701402806,0.8188218830653666,9.282741061639348
150,12.746993987975952,1.560120240480962,0.8069585041924928,11.426279266202114
151,14.753507014028056,2.6993987975951903,0.8040291717840672,12.25675075401497
152,11.75501002004008,2.882765531062124,0.8087753947943244,10.992647685176918
153,17.97745490981964,2.473947895791583,0.8006903307754796,13.484689391550662
154,15.948396793587175,2.2034068136272547,0.8026344450215633,12.725654408056844
155,16.71492985971944,2.588176352705411,0.8018445868868698,13.017592196842426
156,14.956412825651304,1.593186372745491,0.803776643824667,12.337628705581638
157,17.797094188376754,2.9909819639278554,0.8008452077720332,13.418954696454957
158,17.30110220440882,1.8517034068136273,0.8012877532548485,13.23650452813193
159,10.875751503006011,2.900801603206413,0.8106622498614068,10.593534048275085
160,16.1062124248497,1.8757515030060121,0.8024656882941787,12.786302853488912
161,8.373246492985972,2.552104208416834,0.8181937485496916,9.365578473443314
162,16.98547094188377,2.726452905811623,0.8015828160615381,13.119081593571623
163,14.573146292585172,1.8306613226452906,0.8042595362218657,12.184409864122035
164,12.431362725450903,1.8967935871743486,0.8075052151134422,11.290104798864983
165,9.027054108216433,1.908817635270541,0.8158245313053285,9.70129460164481
166,7.516533066132265,2.2454909819639277,0.8219190928623848,8.906729237316283
167,9.387775551102205,2.6332665330661325,0.8146581309713201,9.881674725503139
168,16.624749498997996,2.996993987975952,0.8019337350657413,12.983586499671333
169,14.032064128256515,2.9188376753507015,0.804986108381305,11.964771179355276
170,12.093186372745492,2.717434869739479,0.8081225818492198,11.142364606577743
171,15.452404809619239,1.9809619238476954,0.8031872364586611,12.533139361380051
172,11.597194388777556,2.0110220440881763,0.8090930413111751,10.922080690018435
173,11.77755511022044,1.9178356713426854,0.8087307101164318,11.002691908681314
174,14.415330661322646,1.8577154308617234,0.8044658270123808,12.12075846787642
175,12.476452905811623,1.7434869739478958,0.8074254232540917,11.309658275651085
176,10.041583166332666,2.1462925851703405,0.8127569463255825,10.200543221611357
177,8.32815631262525,2.2424849699398797,0.8183707969629809,9.34198489462155
178,12.453907815631263,1.782565130260521,0.8074652471014541,11.29988574948346
179,9.139779559118237,2.038076152304609,0.8154501764865295,9.758018853318696
180,10.853206412825653,2.1162324649298596,0.8107146407496119,10.583103474558264
181,15.970941883767535,1.9629258517034067,0.802610132968357,12.734336112784174
182,14.009519038076153,2.428857715430862,0.8050175983411818,11.955532276274925
183,14.595691382765532,1.8877755511022043,0.8042304297558964,12.193475877363719
184,17.63927855711423,2.3747494989979963,0.8009833207529271,13.361172073244445
185,8.824148296593187,2.200400801603206,0.8165223810299971,9.598352970828442
186,17.346192384769537,1.9569138276553106,0.801246477103172,13.253194484011294
187,16.218937875751504,2.9488977955911824,0.802347156130883,12.82944806330947
188,7.98997995991984,2.1012024048096194,0.8197620637447549,9.163115564477463
189,15.722945891783567,2.6452905811623246,0.8028813956220082,12.638510180800408
190,14.978957915831664,1.7555110220440882,0.80374900690653,12.346582533080465
191,13.130260521042086,2.212424849699399,0.8063299133904248,11.589491337649022
192,7.043086172344689,2.335671342685371,0.8243644675171731,8.64283081624185
193,13.693887775551103,2.723446893787575,0.8054693277276301,11.825432236911153
194,11.507014028056112,2.437875751503006,0.8092784566785034,10.881552197894726
195,16.46693386773547,2.3537074148296595,0.8020920913196511,12.92386171772337
196,12.251002004008017,2.1072144288577155,0.8078302443912605,11.211551286841953
197,10.019038076152306,1.5901803607214429,0.8128183865221665,10.189712774690166
198,12.994989979959922,2.6152304609218437,0.8065475426763059,11.532149851446986
199,13.197895791583168,2.2755511022044086,0.8062227687547149,11.618056339960727
200,9.320140280561123,2.30561122244489,0.8148699777404467,9.848103237788616
201,12.318637274549099,1.8006012024048097,0.807707245273553,11.241072915319489
202,12.814629258517034,2.497995991983968,0.806844849184791,11.455249729447631
203,14.347695390781563,2.654308617234469,0.8045556245523602,12.093377051603259
204,8.869238476953909,2.4168336673346693,0.8163645544505789,9.621323300220963
205,7.1332665330661325,2.06813627254509,0.8238738014882934,8.693707062870725
206,13.490981963927856,2.17935871743487,0.8057708686567671,11.74103782496843
207,7.787074148296593,2.3597194388777556,0.8206545475451188,9.0541152009661
208,13.829158316633267,2.350701402805611,0.805273208481746,11.881363264127556
209,13.01753507014028,1.7014028056112225,0.8065109575933177,11.541726476048341
210,9.973947895791584,2.74749498997996,0.8129420976743272,10.168017493555382
211,8.463426853707414,2.407815631262525,0.8178452872218775,9.412589832539735
212,17.95490981963928,2.4919839679358717,0.8007095203975274,13.476490055418061
213,16.962925851703407,2.3957915831663326,0.8016043117118462,13.11065408491611
214,10.15430861723447,2.9278557114228456,0.8124538256487936,10.254524951963615
215,9.455410821643287,1.776553106212425,0.8144493046206676,9.915133367926378
216,8.440881763527054,2.8617234468937873,0.8179317074707546,9.400858832786323
217,10.672845691382765,1.6623246492985972,0.811141715194277,10.499287892928459
218,13.31062124248497,1.5360721442885772,0.8060466099142076,11.665509801033192
219,12.611723446893787,2.00501002004008,0.8071894644419066,11.368117724272992
220,9.816132264529058,2.1402805611222444,0.81338400919634,10.091719109211311
221,8.125250501002004,2.5160320641282565,0.819191723035341,9.235074986485671
222,17.120741482965933,2.443887775551102,0.8014550297830939,13.169533637024871
223,14.2124248496994,2.804609218436874,0.8047377798442975,12.038427957475976
224,16.08366733466934,2.1192384769539077,0.8024895938759804,12.777656371442639
225,8.91432865731463,2.4228456913827654,0.8162083184125732,9.644239365568962
226,11.890280561122246,2.2515030060120242,0.8085098230525606,11.05277673128448
227,11.236472945891784,2.87374749498998,0.8098525178923717,10.759055226950926
228,13.784068136272545,2.6122244488977957,0.8053381545499562,11.862748791921806
229,7.899799599198397,2.461923847695391,0.8201530904487351,9.114830213214923
230,12.904809619238478,2.720440881763527,0.8066951590073151,11.49376386047324
231,13.468436873747496,2.5400801603206413,0.8058049331158192,11.731623320917322
232,14.234969939879761,2.741482965931864,0.8047071805746827,12.04760349040345
233,10.650300601202405,1.7074148296593186,0.8111961138725912,10.488764113421945
234,10.830661322645291,1.8186372745490982,0.8107672491915623,10.572662666034907
235,9.86122244488978,2.1252505010020037,0.813256309921033,10.113576998751116
236,16.489478957915832,2.5100200400801604,0.8020692836224499,12.932410677840394
237,7.493987975951904,1.938877755511022,0.8220285711681784,8.894338078424576
238,9.725951903807616,2.5460921843687374,0.8136429486456777,10.047861635855934
239,17.819639278557116,2.579158316633267,0.800825676856069,13.427189098095177
240,12.63426853707415,2.7054108216432864,0.8071506282695724,11.37783187991783
241,9.365230460921843,2.1102204408817635,0.814728407742156,9.870496823863212
242,18.0,2.4138276553106213,0.8006711891787326,13.49288375473004
243,14.325150300601203,1.911823647294589,0.8045857452216171,12.084236167561407
244,15.655310621242485,2.3657314629258517,0.8029568660686439,12.612249795814083
245,9.52304609218437,2.8857715430861726,0.8142434346213321,9.948480286196702
246,15.18186372745491,2.4529058116232463,0.8035039634336453,12.426877471300772
247,14.55060120240481,2.6603206412825653,0.8042887327560186,12.175337120108283
248,10.312124248496994,1.7404809619238477,0.812040558096811,10.329628354392161
249,11.687374749498998,1.5090180360721444,0.8089104809201126,10.962460051666271
250,11.73246492985972,1.656312625250501,0.8088202508284117,10.98259431778546
251,9.658316633266534,1.9749498997995991,0.8138403163316419,10.014843343886946
252,6.907815631262525,2.5611222444889776,0.8251243386470987,8.565957433278589
253,17.210921843687373,2.7955911823647295,0.8013709537252218,13.20306145583937
254,10.51503006012024,1.9509018036072145,0.8115273913790486,10.425399619786381
255,16.647294589178358,2.9068136272545093,0.8019113575709994,12.992096249580747
256,17.14328657314629,2.035070140280561,0.8014339279276703,13.177923571906806
257,7.854709418837675,1.6202404809619237,0.8203519545455651,9.090592358156043
258,12.859719438877756,2.969939879759519,0.8067697421450342,11.474522892369711
259,6.885270541082164,2.284569138276553,0.8252538683907356,8.553078942668513
260,10.357214428857716,2.7985971943887775,0.8119247883044841,10.350986983453566
261,17.549098196392787,2.49498997995992,0.8010633566549851,13.328041182834308
262,11.867735470941884,2.2364729458917836,0.8085536654915403,11.042777857743618
263,10.379759519038076,1.9448897795591182,0.8118672795314125,10.361649885985441
264,6.840180360721443,1.719438877755511,0.8255154730759263,8.527264419351225
265,17.706913827655313,2.338677354709419,0.8009238283078536,13.385966536103572
266,10.582665330661323,2.071142284569138,0.8113606968575302,10.457129588254071
267,9.342685370741483,1.503006012024048,0.8147990225180124,9.859306342029763
268,17.07565130260521,2.8226452905811623,0.8014974004865505,13.152737746097898
269,8.779058116232465,1.7885771543086173,0.816681822531618,9.575327993759258
270,15.677855711422847,1.8156312625250501,0.8029316369899182,12.621009313096604
271,12.792084168336673,2.3807615230460923,0.8068826008949498,11.4456010245236
272,14.663326653306614,2.065130260521042,0.8041436466204713,12.220633681283232
273,7.651803607214429,2.344689378757515,0.8212757001896307,8.980721225865771
274,15.542585170340683,2.4258517034068134,0.8030841079675931,12.568360871075315
275,6.997995991983968,2.185370741482966,0.8246145139250113,8.617281534102577
276,14.640781563126254,2.479959919839679,0.8041724853673129,12.211587771116294
277,11.43937875751503,2.7925851703406814,0.8094194322761207,10.851056967034806
278,9.207414829659319,2.2965931863727453,0.8152299476699492,9.791896886468301
279,9.275050100200401,2.470941883767535,0.8150129194092866,9.825658992053182
280,15.835671342685371,2.7685370741482966,0.8027570424279402,12.682156958191834
281,14.8436873747495,1.7374749498997997,0.8039160859747152,12.29276201753213
282,12.92735470941884,2.7775551102204408,0.80665806219272,11.503372321561818
283,12.048096192384769,2.5370741482965933,0.8082075106024406,11.122518277227709
284,14.144789579158317,2.2695390781563125,0.8048301620314522,12.010859432979425
285,14.685871743486974,2.098196392785571,0.8041148962933196,12.229672919990756
286,13.400801603206414,2.056112224448898,0.805907813048791,11.70333452743075
287,9.613226452905812,2.1042084168336674,0.8139734326815943,9.992770954373968
288,13.874248496993989,1.8607214428857715,0.8052086838879267,11.899948714340754
289,12.296092184368739,1.8276553106212425,0.8077480949325562,11.231240958466117
290,11.0561122244489,2.5430861723446894,0.810250795518582,10.676613738110495
291,9.252505010020041,2.2905811623246493,0.8150849108576708,9.814417764951783
292,7.741983967935872,1.5240480961923848,0.8208591987864834,9.029716107412389
293,8.981963927855713,2.708416833667335,0.8159768944849495,9.67851254684518
294,7.9223446893787575,2.630260521042084,0.82005450319232,9.126925253427414
295,13.964428857715431,2.32064128256513,0.8050808828264909,11.937033087121938
296,8.733967935871744,2.3927855711422845,0.8168429038364247,9.552247980890831
297,11.642284569138276,2.693386773547094,0.8090014083777237,10.94228890984451
298,15.20440881763527,2.8016032064128256,0.8034771395732082,12.435767215812145
299,14.50551102204409,2.0861723446893787,0.804347397705525,12.157171379848807
300,9.83867735470942,2.6693386773547094,0.8133200137045903,10.102653926382896
301,8.192885771543086,2.594188376753507,0.8189135831975585,9.270847297065073
302,13.28807615230461,1.5811623246492985,0.806081602989332,11.656034508748121
303,14.167334669338679,2.8136272545090177,0.8047992701086404,12.02005594468
304,14.933867735470942,2.062124248496994,0.8038043640747458,12.328668393518331
305,10.988476953907817,1.7344689378757514,0.810403512016836,10.645534434820508
306,10.109218436873748,2.5490981963927855,0.8125742651093175,10.232966218563027
307,8.102705410821644,1.6142284569138277,0.8192854634710474,9.223120352001818
308,10.17685370741483,2.0470941883767537,0.8123940049692724,10.265287444917437
309,14.888777555110222,1.6382765531062125,0.8038600560821949,12.310728259382467
310,13.062625250501004,1.7975951903807617,0.8064381656132469,11.56085601474254
311,9.590681362725451,2.5821643286573144,0.8140404587033908,9.981716583181516
312,12.228456913827657,2.570140280561122,0.8078715458463209,11.201693527194758
313,16.512024048096194,2.0891783567134268,0.8020465381382078,12.940954003382501
314,10.560120240480963,2.164328657314629,0.8114160250865309,10.446563579286236
315,7.719438877755511,1.6653306613226453,0.8209624164409456,9.017492071501168
316,8.688877755511022,2.19438877755511,0.8170056503384681,9.52911253953721
317,11.011022044088175,2.4198396793587174,0.8103523985776482,10.655904221740178
318,10.447394789579159,1.7044088176352705,0.8116962382970249,10.393573344527713
319,11.191382765531063,1.7464929859719438,0.8099508867085043,10.738503889042967
320,12.160821643286575,1.9268537074148298,0.8079963671749496,11.172068281603718
321,13.26553106212425,2.2635270541082164,0.8061167148038404,11.646551535173815
322,10.221943887775552,1.6953907815631262,0.8122751529444786,10.286778857568038
323,17.864729458917836,2.9308617234468937,0.8007867627706001,13.443642800020465
324,15.069138276553106,2.603206412825651,0.8036392850863172,12.38233327699388
325,10.469939879759519,1.623246492985972,0.8116397142704053,10.404192857535815
326,8.147795591182366,1.6833667334669338,0.8190984990028155,9.247014316910398
327,10.064128256513026,1.6683366733466933,0.8126957805771939,10.21136225408949
328,11.326653306613228,2.3266533066132267,0.8096581242697873,10.800041168530996
329,7.561623246492986,2.5040080160320644,0.8217020843597556,8.93146057221523
330,12.544088176352705,1.845691382765531,0.807306808946679,11.338925523327378
331,7.9448897795591185,2.5130260521042085,0.8199564727787526,9.139004451210415
332,7.539078156312625,2.6843687374749496,0.8218102658544111,8.919103378921468
333,10.695390781563127,2.567134268537074,0.8110875452465762,10.50980119345432
334,12.273547094188377,2.987975951903808,0.8077890943635755,11.221400423103495
335,16.80511022044088,2.6963927855711423,0.8017563944608904,13.051509490158356
336,13.919338677354709,1.5721442885771544,0.8051445766810921,11.918505277403742
337,9.432865731462925,2.434869739478958,0.8145185817945232,9.903992955898314
338,11.168837675350701,1.6112224448897796,0.8100003682446061,10.728213531584975
339,10.920841683366735,1.5210420841683367,0.8105581153750572,10.614364610582525
340,7.2234468937875755,1.971943887775551,0.8233953152838739,8.74429107379076
341,8.080160320641284,2.5220440881763526,0.8193797246060359,9.211150355135066
342,17.61673346693387,2.2334669338677355,0.8010032529835931,13.352897041716766
343,12.67935871743487,1.716432865731463,0.8070733694706161,11.397235450343235
344,13.62625250501002,2.0771543086172346,0.8055688451773289,11.797367619499363
345,17.030561122244492,2.8977955911823647,0.8015399953185475,13.135920425628347
346,11.912825651302605,1.8216432865731462,0.8084661462040756,11.062766607959029
347,11.07865731462926,1.8036072144288577,0.8102003033681137,10.686953525167326
348,10.740480961923847,1.5300601202404809,0.8109798858017259,10.53079648159761
349,16.69238476953908,1.9929859719438878,0.8018667837255374,13.009099087335379
350,16.061122244488978,2.43186372745491,0.8025135664920902,12.76900404863643
351,17.41382765531062,2.2935871743486973,0.8011849632660784,13.278190164855834
352,13.513527054108216,2.155310621242485,0.8057369176712917,11.75044481215681
353,15.339679358717435,2.714428857715431,0.8033178500648953,12.488973157503388
354,12.566633266533067,2.299599198396794,0.8072675540324689,11.348664567112415
355,17.188376753507015,2.681362725450902,0.8013918901157537,13.194687471219614
356,13.806613226452907,2.0170340681362724,0.805305628574009,11.872059664242204
357,11.935370741482966,1.9418837675350702,0.808422634010377,11.072747511889913
358,8.057615230460922,2.9218436873747495,0.8194745107841194,9.19916493719537
359,17.842184368737477,2.5551102204408815,0.8008061952510758,13.435418462879577
360,15.046593186372746,2.6482965931863727,0.8036665924046466,12.373405248096645
361,12.07064128256513,1.5,0.8081649670767913,11.132445845325217
362,8.93687374749499,2.176352705410822,0.816130789361293,9.655677167901066
363,15.091683366733468,2.8557114228456912,0.8036120592470551,12.391254890905417
364,7.313627254509018,2.6392785571142285,0.8229285617978709,8.794587753755437
365,6.952905811623246,2.191382765531062,0.8248677834381168,8.591657290749309
366,7.809619238476954,1.9899799599198396,0.8205531037257715,9.066290387360837
367,14.52805611222445,2.690380761523046,0.8043180197768687,12.166257630357356
368,11.281563126252506,2.221442885771543,0.8097549335257545,10.77956758018307
369,15.294589178356714,1.8066132264529058,0.8033706339033898,12.471262997244644
370,16.286573146292586,2.600200400801603,0.8022768235202784,12.855265848086582
371,7.9674348697394795,2.2484969939879758,0.819858994511033,9.151067867908607
372,7.2009018036072145,2.7565130260521045,0.8235138198066008,8.731672197613648
373,14.460420841683367,2.909819639278557,0.804406427983793,12.138978536198627
374,15.858216432865731,2.63627254509018,0.8027323836798773,12.690868345411422
375,16.940380761523045,2.041082164328657,0.8016258645169207,13.102221167359591
376,7.336172344689379,2.317635270541082,0.8228136563417563,8.807117590301095
377,15.024048096192386,1.9238476953907815,0.8036939815681926,12.36447079039746
378,13.60370741482966,2.1733466933867733,0.8056022372064452,11.787997949400873
379,13.581162324649299,2.1282565130260522,0.8056357399176506,11.778620851280484
380,10.131763527054108,1.9539078156312626,0.812513911772483,10.24375122152098
381,15.745490981963929,2.2304609218436875,0.8028563827130175,12.64725155622808
382,13.536072144288578,1.7134268537074149,0.8057030795936524,11.759844300391265
383,12.882264529058116,1.75250501002004,0.8067323854314126,11.48414739073432
384,8.30561122244489,2.7294589178356716,0.8184600389146983,9.330165939944893
385,8.170340681362726,2.81062124248497,0.8190057871244292,9.258938401236653
386,15.384769539078157,2.597194388777555,0.8032653752314811,12.506658305860325
387,8.756513026052104,1.6713426853707416,0.8167621566336735,9.563794891235002
388,9.88376753507014,1.5691382765531061,0.813192895857734,10.12448836379847
389,14.280060120240481,2.227454909819639,0.8046462714622822,12.065933688448325
390,10.244488977955912,2.2244488977955914,0.8122161181383959,10.297507846425018
391,10.627755511022045,1.6503006012024048,0.8112507427319979,10.478229823735447
392,11.39428857715431,1.8336673346693386,0.8095143436519033,10.83067934266346
393,10.424849699398798,2.1703406813627253,0.8117530061275711,10.382943033486237
394,15.429859719438879,1.8787575150300602,0.8032132066987646,12.524318547687582
395,14.482965931863728,1.5961923847695392,0.8043768669657126,12.148078353506559
396,15.226953907815632,1.6412825651302605,0.8034503950401566,12.444650627209448
397,7.471442885771543,1.968937875751503,0.822138706625488,8.881929832809963
398,13.94188376753507,2.3687374749498997,0.8051126783349006,11.927772768108301
399,9.703406813627254,2.942885771543086,0.8137084331420988,10.036867525423952
400,11.822645290581162,2.440881763527054,0.8086418509193753,11.022753023033319
401,12.97244488977956,2.849699398797595,0.8065842546955155,11.522565297278195
402,15.76803607214429,2.55811623246493,0.8028314412437472,12.655986909305796
403,13.558617234468938,2.870741482965932,0.805669353861861,11.769236307509898
404,12.498997995991985,2.4559118236472948,0.8073857427932593,11.319422399001644
405,13.423346693386774,2.618236472945892,0.8058734047365673,11.712771690235819
406,14.776052104208418,2.7354709418837677,0.8040007711020573,12.265763453275728
407,16.579659318637276,2.8196392785571143,0.8019786724290496,12.96655028336912
408,7.448897795591183,1.8847695390781563,0.822249505158241,8.86950443057051
409,7.020541082164328,1.9839679358717435,0.8244890916826775,8.630065504877342
410,10.086673346693388,1.6983967935871744,0.8126348874440117,10.222169907882376
411,8.28306613226453,2.759519038076152,0.8185497645423288,9.318332134983567
412,11.552104208416834,2.0741482965931866,0.8091853879565415,10.901835188040675
413,17.4814629258517,2.867735470941884,0.8011239249469455,13.303138977100762
414,16.7374749498998,1.6352705410821644,0.8018224497811332,13.026079781152074
415,10.965931863727455,1.9208416833667334,0.810454835100124,10.635154590110526
416,8.260521042084168,2.002004008016032,0.8186399777828905,9.306483424233676
417,16.895290581162325,1.7945891783567134,0.8016691425052899,13.085339063895878
418,17.458917835671343,2.6663326653306614,0.8011442185586796,13.294827897746085
419,16.264028056112224,1.8817635270541082,0.8023002028016862,12.846665671263423
420,8.237975951903808,2.993987975951904,0.8187306826161825,9.294619751849254
421,14.821142284569138,2.8286573146292584,0.8039442285898131,12.283769070633463
422,12.02555110220441,2.879759519038076,0.8082502133140123,11.112581878898007
423,11.957915831663328,2.9549098196392785,0.8083792855427882,11.082719467092764
424,10.717935871743487,2.3987975951903806,0.8110336025911608,10.52030404604589
425,17.526553106212425,1.6052104208416833,0.8010834941958526,13.319745610013033
426,17.504008016032067,1.839679358717435,0.80110368355976,13.311444877974159
427,13.761523046092185,2.0440881763527052,0.8053707869288814,11.853430630147201
428,12.386272545090181,2.0831663326653307,0.8075855867719132,11.27051753727714
429,11.980460921843687,2.347695390781563,0.8083360998795984,11.092682497476854
430,15.587675350701403,2.7625250501002006,0.8030329906403126,12.585934759299297
431,14.730961923847696,2.531062124248497,0.8040576592772398,12.247731441744369
432,12.36372745490982,1.653306613226453,0.8076259920029746,11.260711182575369
433,14.911322645290582,2.1432865731462925,0.8038321680340629,12.319701582824282
434,12.521543086172345,2.9819639278557117,0.8073462049464465,11.329178141076948
435,9.184869739478959,2.4108216432865732,0.8153029981831762,9.780617148034882
436,7.1107214428857715,2.188376753507014,0.8239953081784281,8.681015592903654
437,8.553607214428858,1.68937875751503,0.8175041429462665,9.459369647681601
438,9.680861723446894,2.281563126252505,0.8137742216641245,10.025861441069164
439,16.872745490981963,1.6322645290581161,0.8016908681485923,13.076889857081426
440,15.52004008016032,2.501002004008016,0.803109777874701,12.559564729571079
441,13.333166332665332,1.6803607214428857,0.8060117349775048,11.674977430592131
442,8.395791583166332,1.8937875751503006,0.8181059344228819,9.377353206911616
443,13.64879759519038,2.960921843687375,0.805535563283016,11.806729879135084
444,16.917835671342687,1.686372745490982,0.801647474704938,13.093782830498482
445,14.189879759519037,2.0951903807615233,0.8047684762014263,12.029245447530146
446,13.355711422845692,2.2575150300601203,0.8059769775823072,11.684437415913713
447,12.589178356713427,1.5751503006012024,0.8072284394477655,11.358395293701186
448,10.785571142284569,2.152304609218437,0.8108731241749487,10.551750224405817
449,9.793587174348698,1.9478957915831663,0.8134482984024254,10.080772509555162
450,15.79058116232465,2.377755511022044,0.8028065709086974,12.664716252429972
451,10.5375751503006,1.785571142284569,0.8114715894226396,10.435986933790357
452,11.259018036072145,2.4048096192384767,0.809803628240045,10.769316262866264
453,9.54559118236473,1.9779559118236474,0.8141754574419193,9.959571289168057
454,10.49248496993988,1.5781563126252505,0.811583432481896,10.41480160513485
455,10.943386773547093,2.1132264529058116,0.8105063691188716,10.624764658460986
456,13.152805611222444,1.7735470941883769,0.8062940762884333,11.599020792999276
457,10.605210420841683,2.6422845691382766,0.8113056032352554,10.467684992515627
458,7.0881763527054105,2.311623246492986,0.8241175832005248,8.668305780911396
459,16.42184368737475,1.8727454909819639,0.8021378943763304,12.906746849185637
460,12.341182364729459,1.5330661322645291,0.8076665445679232,11.250896315956807
461,15.4749498997996,2.44689378757515,0.8031613417938155,12.541953987621756
462,13.896793587174349,2.966933867735471,0.8051765783645323,11.909230598379013
463,13.085170340681362,2.837675350701403,0.8064019574160487,11.570408967732753
464,6.772545090180361,1.6743486973947896,0.8259143690913716,8.488397505957439
465,14.099699398797597,1.9328657314629258,0.804892241800768,11.992445318939858
466,13.445891783567134,2.092184368737475,0.8058391116179726,11.722201282023583
467,16.016032064128257,2.1312625250501003,0.802561713957798,12.751681833418463
468,9.906312625250502,2.3567134268537075,0.8131297695447635,10.135388058810207
469,11.123747494989981,2.780561122244489,0.8100999315754487,10.70760330001501
470,16.399298597194388,2.5731462925851702,0.8021608902510183,12.898180918383728
471,9.049599198396795,1.8697394789579158,0.8157489169823082,9.71266574780104
472,9.500501002004007,2.287575150300601,0.8143117333510693,9.937376992118393
473,15.15931863727455,2.846693386773547,0.8035308669747783,12.41798138015098
474,7.69689378757515,1.749498997995992,0.8210662357052897,9.005251622965615
475,11.146292585170341,1.9358717434869739,0.810050049463525,10.717913344596008
476,15.610220440881765,2.624248496993988,0.803007542578551,12.59471253154843
477,12.183366733466935,2.876753507014028,0.8079546063920501,11.18195204730767
478,16.534569138276552,2.1372745490981964,0.8020238546128166,12.949491705448798
479,16.37675350701403,1.9959919839679359,0.8021839493691054,12.889609308244161
480,15.001503006012024,1.6923847695390781,0.803721452945301,12.355529890030569
481,7.584168336673347,1.905811623246493,0.8215945426620946,8.943800885715547
482,16.444388777555112,2.2094188376753507,0.8021149614853113,12.915307111895853
483,8.576152304609218,2.5280561122244487,0.8174199732665421,9.471028817474167
484,6.930360721442886,2.0801603206412826,0.8249956463557421,8.578816854947734
485,15.362224448897797,1.506012024048096,0.8032915741923197,12.497818851566501
486,9.477955911823647,1.9869739478957915,0.8143803559155026,9.926261366310039
487,17.23346693386774,2.765531062124248,0.8013500720575043,13.211430143840992
488,13.242985971943888,2.059118236472946,0.8061519459627763,11.637060861672424
489,16.12875751503006,1.8096192384769538,0.8024418494660162,12.794943506557113
490,8.035070140280562,2.3867735470941884,0.8195698263974863,9.187164039123264
491,16.309118236472948,2.702404809619239,0.8022535088025593,12.863860288781757
492,16.331663326653306,1.8907815631262526,0.8022302583815525,12.872449004782323
493,11.10120240480962,2.972945891783567,0.8101500158003554,10.697283369648028
494,7.764529058116232,1.7254509018036073,0.8207565775364365,9.041923795705706
495,17.752004008016034,2.0140280561122244,0.8008844182874171,13.40247074561719
496,11.461923847695392,1.7705410821643286,0.8093722559728647,10.86123151167108
497,11.213927855711423,2.1673346693386772,0.8099016036547255,10.748784444899004
498,12.11573146292585,2.4859719438877756,0.8080803540384676,11.152274584269993
499,12.138276553106213,2.026052104208417,0.8080382827698007,11.162175801584798
