-2.174786352130426113e-03 2.603134955036785936e+00
7.153304913168309631e-02 2.826664089941545388e+00
1.719854113430574927e+00 -2.592294079383449468e+00
1.482399507655174142e+00 -1.293833407092043641e+00
-8.280343811855365999e-02 2.616721106580526701e+00
2.312245699824381884e+00 -4.258170087075821009e+00
5.404939166551381291e-02 2.091957575142274539e+00
-2.966581676594465256e-01 3.310463954472154580e+00
2.408825524467615331e+00 -5.164340561996221268e+00
2.468491503931321773e+00 -3.321124861326054667e+00
