-1.830584923564742006e-01 2.699898292602220806e-01
2.081319370833206728e-01 1.711634447907263157e+00
-8.514097078728083412e-02 6.533778811225477989e-01
6.851285578688237621e-01 7.096610922357553530e-01
1.230320967164179269e+00 1.183169710796760921e+00
7.169819354218954777e-01 3.587417915963366233e-01
-3.981767065325567123e-01 4.971653424041897473e-01
-2.926496643878215287e-01 1.318133582591031416e+00
-3.078524045666595210e-01 -3.099121546249892709e-02
4.596871770402144453e-01 -1.724162159644470060e-01
