-5.571148821718175936e-01 -1.462298998780234560e-01
-4.599391246000728017e-01 -4.904642009042100570e-01
-7.541764460926975167e-01 -8.582390220023916605e-01
-6.261554424704897370e-02 -4.003719992077799938e-01
-1.442181536151040597e-02 -1.026337766094369108e+00
1.419544182765639928e-01 1.926922990463801444e+00
4.220926794633626800e-02 2.289481171543916727e+00
-3.720107332768087804e-01 1.773989078599589764e+00
-5.602591440541698775e-01 -3.293407466390010363e-01
-6.242932439077855111e-01 -7.825305340290825695e-01
