-1.828876299327468757e-01 2.726608248793609413e-01
2.131816547644053428e-01 1.681605626141913223e+00
-8.481773037343154353e-02 6.515896184152613069e-01
6.849121846905324995e-01 7.097615852843024431e-01
1.230129924083397608e+00 1.181856441008531267e+00
7.167656147060968985e-01 3.595109102994876182e-01
-3.980060654807184850e-01 4.998470260382870123e-01
-2.890608059573653854e-01 1.283943592476262330e+00
-3.070404893470680130e-01 -3.610871717882926935e-02
4.600619399154052824e-01 -1.806126495218315364e-01
