3.286451058426991811e-01 -1.718277483664019556e+00
-3.868304823071447296e-01 -2.297796509830744571e-01
-7.400405907455898102e-01 8.650846103161670131e-01
-1.602344454611067115e-01 1.972568028233992743e-01
-5.801565088345209814e-02 -3.249950526410093632e-01
-4.606769849738246991e-01 1.594683881602418252e+00
-6.997881893550151888e-01 -1.767576934227103880e-01
-3.234213567717443838e-01 2.712646593080872415e-01
3.777647397090010406e-01 6.086891897337051160e-01
2.769081255976925116e-01 -1.736644054374955504e+00
-6.683417235001760659e-01 -2.099491613079785268e-01
-1.021305830782069934e-01 8.236306178567906477e-02
