-4.816708028292848720e-02 3.961765186094100000e-01
-5.066936021114071265e-01 1.488146257146141238e-01
-7.118015213567221444e-01 1.557492717622923406e+00
-4.783624139836713529e-01 2.980807519859273585e-02
-6.786898075311086354e-01 1.320074859750234753e+00
-7.760233321687203256e-01 -3.665918221142052680e-01
-3.473668403903303892e-01 -3.809446356752850260e-01
4.290788678544750212e-01 -1.012146950480193652e+00
1.120793559085298402e-01 -1.987841645397661505e+00
-1.276318910815562035e-01 -2.563158233406599984e-01
