1.989185949485339777e-01 -4.660498860623188966e-01
5.656832657936462089e-02 -8.302395512306205427e-01
-6.560631896150418418e-01 2.373819353175256275e+00
-7.402679064736622516e-01 2.384390971007239290e+00
-4.305829638394787495e-01 -2.015575176082723130e-01
2.198041250715053185e-01 -2.370939648081278883e-01
-5.088780557920895564e-01 -3.856439194813180427e-01
-2.508831141332521497e-01 -8.066711295087677369e-01
-3.239301874452663044e-01 4.189051240250005193e-02
-2.078514115362062320e-01 -1.879533876716275170e-02
-2.830524581720237354e-01 7.828217476252936624e-01
-6.088270243257135617e-01 -7.960215276426345632e-01
