-4.669041176306266694e-01 1.553386486732941885e+00
-2.164425825736023545e-01 -9.294020217395375649e-01
-1.630457492344482284e-01 1.428620354099432221e+00
2.037216408957490676e-01 -3.307813896957459976e-01
-5.211469086967958075e-01 1.439559832574031084e+00
-2.052761154076984396e-01 -5.048256138388735881e-01
-3.801003939516390262e-01 1.515009584136228771e+00
-2.953529754255951323e-01 -3.539448286371897900e-01
-4.811639132078972536e-01 -1.069544198753826336e+00
-8.649175958849496526e-01 -1.025879541358786007e+00
